[NI Configuration]
NI1 = 30585608.000000    
NI2 = 30585608.000000    